Total schemes: 814

Missing values (top 20):
returns_5yr      167
returns_3yr       21
min_sip            0
returns_1yr        0
sub_category       0
category           0
rating             0
amc_name           0
risk_level         0
sharpe             0
scheme_name        0
sd                 0
alpha              0
sortino            0
fund_manager       0
fund_age_yr        0
fund_size_cr       0
expense_ratio      0
min_lumpsum        0
beta               0
dtype: int64

Summary statistics (numeric):
               count         mean          std    min       25%       50%        75%       max
min_sip        814.0   528.500000   369.184517   0.00  150.0000   500.000  1000.0000   2000.00
min_lumpsum    814.0  3047.468059  2514.619513   0.00  500.0000  5000.000  5000.0000  25000.00
expense_ratio  814.0     0.713231     0.482161   0.00    0.3100     0.615     1.0300      2.59
fund_size_cr   814.0  3812.854214  7181.479475   2.38  175.2500   940.500  3819.0000  57052.00
fund_age_yr    814.0     8.319410     2.640622   1.00    6.0000    10.000    10.0000     17.00
sortino        791.0     2.652642     1.392228  -1.77    1.7500     2.870     3.4700     12.57
alpha          772.0     2.505635     3.951573 -13.36    0.5300     1.855     3.8475     27.24
sd             790.0    10.272696     7.805667   0.27    2.1625    12.300    16.4375     77.72
beta           772.0     0.822241     1.309871 -31.86    0.7000     0.860     0.9700      5.40
sharpe         791.0     1.204185     0.536431  -0.82    0.9300     1.290     1.5500      3.52
risk_level     814.0     4.400491     1.814741   1.00    3.0000     6.000     6.0000      6.00
rating         814.0     2.641278     1.463476   0.00    2.0000     3.000     4.0000      5.00
returns_1yr    814.0     3.921376     6.675502 -19.70    1.5000     4.400     5.6000    130.80
returns_3yr    793.0    18.525347    12.108476   3.30    6.2000    18.500    27.1000     71.40
returns_5yr    647.0     9.490726     3.714015  -4.10    6.7000     8.900    12.2000     23.20